%YAML:1.0
version: "1.0"
width: 1280
height: 720
cameraMatrix: !!opencv-matrix
   rows: 3
   cols: 3
   dt: f
   data: [ 6.9842290876261154e+02, 0., 6.6954309912949691e+02,
     0., 6.9801767239814728e+02, 3.6989081038750032e+02,
     0., 0., 1. ]
distortion: !!opencv-matrix
   rows: 1
   cols: 5
   dt: f
   data: [ -1.6664615117706286e-01, 1.4646887301874748e-02,
       6.6006492792616812e-04, -1.4853466403132363e-04,
       5.7967015656574545e-03 ]
rectificationMatrix: !!opencv-matrix
   rows: 3
   cols: 3
   dt: f
   data: [ 9.9969882526544362e-01, -1.0941695997001065e-03, 2.4516556768418192e-02,
     1.3143158302494182e-03, 9.9995894823090181e-01, -8.9651785730730758e-03,
     -2.4505740894540121e-02, 8.9947009864600053e-03, 9.9965922394452689e-01 ]
projectionMatrix: !!opencv-matrix
   rows: 3
   cols: 4
   dt: f
   data: [ 5.6928797361278623e+02, 0., 6.4554348754882812e+02, -4.2664494533133144e+01,
     0., 5.6928797361278623e+02, 3.6688351821899414e+02, 0.,
     0., 0., 1., 0. ]
